home = ( -0.002666204703, -2.003312312, 0.0002280605376, 3.128210356, -0.0002372135239, -0.0002372135239, 0.0009247037569 );
zeroangle = ( 4.227651051, 3.169204308, 2.06320416, 5.214000698, 4.393320977, 3.566505332, 5.572952202 );